20,3
20,2
20,1
20,0
19,3
19,2
19,1
19,0
18,3
18,2
18,1
18,0
17,6
17,5
17,4
17,3
17,2
17,1
17,0
16,5
16,4
16,3
16,2
16,1
16,0
15,3
15,2
15,1
15,0
14,3
14,2
14,1
14,0
12,3
12,2
12,1
12,0
11,3
11,2
11,1
11,0
7,3
5,3
4,3
3,2
2,2
1,2
0,9
1,45
3,44
2,81
2,44
1,44
3,43
2,80
2,43
1,43
3,42
2,79
2,42
1,42
3,41
2,78
2,41
1,41
3,40
2,77
2,40
1,40
3,39
2,76
2,39
1,39
3,38
2,75
2,38
1,38
3,37
2,74
2,37
1,37
3,36
2,73
2,36
1,36
3,35
2,72
2,35
1,35
3,34
2,71
2,34
1,34
3,33
2,70
2,33
1,33
3,32
2,69
2,32
1,32
3,31
2,68
2,31
1,31
3,30
2,67
2,30
1,30
3,29
2,66
2,29
1,29
3,28
2,65
2,28
1,28
3,27
2,64
2,27
1,27
3,26
2,63
2,26
1,26
3,25
2,62
2,25
1,25
3,24
2,61
2,24
1,24
3,23
2,60
2,23
1,23
3,22
2,59
2,22
1,22
3,21
2,58
2,21
1,21
3,20
2,57
2,20
1,20
3,19
2,56
2,19
1,19
3,18
2,55
2,18
1,18
3,17
2,54
2,17
1,17
3,16
2,53
2,16
1,16
3,15
2,52
2,15
1,15
3,14
2,51
2,14
1,14
3,55
3,13
2,13
1,13
3,54
3,12
2,12
1,12
3,53
3,11
2,11
1,11
3,52
3,10
2,10
1,10
3,51
3,9
2,9
1,9
3,50
3,8
2,8
1,8
3,49
3,7
2,7
1,7
3,48
3,6
2,6
1,6
3,47
3,5
2,5
1,5
3,46
3,4
2,4
1,4
3,45
3,3
3,0
2,3
2,0
1,3
1,0
0,6
0,0
0,47
0,46
0,49
0,48
0,45
0,12
0,10
0,8
0,11
0,5
0,7
0,4
0,3
